18042
1238
29400
196
2922
4360
14736
196
196
196
1038
1238
196
1238
196
196
3964
1238
196
196
196
196
196
196
196
16520
196
198
200
202
204
206
208
210
212
214
216
218
220
222
224
226
228
230
232
234
236
238
240
242
244
246
248
250
252
254
256
258
260
262
264
266
268
270
272
274
276
278
280
282
284
286
288
290
292
294
296
298
300
302
304
306
308
310
312
314
316
318
320
322
324
326
328
530
532
534
536
538
540
542
544
546
548
550
752
754
756
758
760
962
964
966
968
970
972
1174
1176
1178
1180
1182
1184
1186
1188
1190
1192
1194
1196
1198
1200
1202
1204
1206
1208
1210
1212
1214
1216
1218
1220
1222
1224
1226
1228
1230
1232
1234
1236
1238
1240
1242
1244
1246
1248
1250
1252
1254
1256
1258
1260
1262
1264
1266
1268
1270
1272
1274
1276
1278
196
1234
196
2274
14396
15656
15624
15624
1034
6188
8032
